0 1.1 1.756454545454546 1.6681434080294377 7.025 1.152 0 0
10 1.1 1.5833636363636365 0.7510986223498667 7.025 1.137 1.756454545454546 11
20 0.8 1.375625 0.24977286556990147 7.025 1.137 1.6699090909090912 22
30 1.5 1.3172 0.07474596979101948 7.025 1.137 1.5914333333333337 30
40 1.1 1.7692727272727273 0.625407952810017 7.025 1.137 1.5000222222222224 45
50 2.2 1.4333636363636364 0.48106553564641985 7.025 1.135 1.5529107142857144 56
60 3.1 1.5147741935483867 0.48594581602090225 7.025 1.079 1.519192307692308 78
70 4 1.6477000000000004 0.6548691930454509 7.025 1.079 1.5179357798165138 109
80 3.9 1.4956410256410253 0.6059902041680757 7.025 1.079 1.5527718120805372 149
90 0.9 1.345222222222222 0.08798204081613958 7.025 1.079 1.5409202127659574 188
97 0 0 0 7.025 1.079 1.531979695431472 197
