0 0.1 3.6448544497209507 0 3.6448544497209507 3.6448544497209507 0 0
10 0.1 0.5489021956087825 0.0 3.6448544497209507 0.5489021956087825 3.6448544497209507 1
20 0.1 1.547678482276585 0.0 3.6448544497209507 0.5489021956087825 2.0968783226648666 2
30 0.1 1.1005502751375689 0.0 3.6448544497209507 0.5489021956087825 1.913811709202106 3
40 0.1 1.2468827930174564 0.0 3.6448544497209507 0.5489021956087825 1.7104963506859718 4
50 0.1 0.8517034068136272 0.0 3.6448544497209507 0.5489021956087825 1.6177736391522686 5
60 0.1 1.2974051896207583 0.0 3.6448544497209507 0.5489021956087825 1.4900952670958283 6
70 0.1 1.9393336648433617 0.0 3.6448544497209507 0.5489021956087825 1.4625681131708181 7
80 0.1 1.543824701195219 0.0 3.6448544497209507 0.5489021956087825 1.5221638071298862 8
90 0.1 1.2974051896207583 0.0 3.6448544497209507 0.5489021956087825 1.5245705731371453 9
97 0.1 0.49975012493753124 0.0 3.6448544497209507 0.49975012493753124 1.5018540347855065 10
