0 0.1 670.81640625 0 670.81640625 670.81640625 0 0
10 0.1 670.24609375 0.0 670.81640625 670.24609375 670.81640625 1
20 0.1 662.80078125 0.0 670.81640625 662.80078125 670.53125 2
30 0.1 670.109375 0.0 670.81640625 662.80078125 667.9544270833334 3
40 0.1 667.69921875 0.0 670.81640625 662.80078125 668.4931640625 4
50 0.1 666.70703125 0.0 670.81640625 662.80078125 668.334375 5
60 0.1 664.08984375 0.0 670.81640625 662.80078125 668.0631510416666 6
70 0.1 662.94921875 0.0 670.81640625 662.80078125 667.4955357142857 7
80 0.1 658.38671875 0.0 670.81640625 658.38671875 666.92724609375 8
90 0.1 657.82421875 0.0 670.81640625 657.82421875 665.9782986111111 9
97 0.1 658.48828125 0.0 670.81640625 657.82421875 665.162890625 10
