0 2.4 42.44016666666667 43.094707080903675 222.961 14.105 0 0
10 3.4 37.25523529411765 17.973644762882227 222.961 14.105 42.44016666666667 24
20 3.2 50.18521875 46.37630564451419 222.961 14.105 39.400724137931036 58
30 3.9 34.46410256410257 12.558895621042874 222.961 14.105 43.23521111111111 90
40 3.5 34.638685714285714 13.387679996968274 222.961 14.105 40.58348062015504 129
50 5.6 69.84566071428573 83.22680550787467 518.449 14.105 39.314774390243905 164
60 9.5 45.211273684210546 36.54261005526853 518.449 14.105 47.086272727272735 220
70 10.5 34.16247619047619 15.622713510475233 518.449 14.105 46.520796825396836 315
80 11.3 34.38009734513276 14.110006032226277 518.449 14.105 43.43121666666668 420
90 5.6 34.258125 12.087410190333369 518.449 14.105 41.512311444652916 533
97 0.2 41.799499999999995 11.896499999999998 518.449 14.105 40.82260950764008 589
