0 5.6 18.42939285714286 28.607325158751223 206.807 4.96 0 0
10 7.8 15.59124358974359 10.021263214536528 206.807 4.96 18.42939285714286 56
20 7.6 20.947447368421056 25.75678791697174 206.807 4.96 16.777335820895527 134
30 9 14.709544444444443 7.589023881254221 206.807 4.96 18.286519047619052 210
40 8.2 14.5690487804878 8.139406129685502 206.807 4.96 17.213426666666667 300
50 12.9 30.06276744186045 48.31838102771774 485.659 4.96 16.645785340314134 382
60 22.2 19.128238738738737 19.36136796716909 485.659 4.96 20.03285127201565 511
70 24.3 14.517082304526747 8.26679286650831 485.659 4.96 19.758875852660296 733
80 26.4 14.540571969696964 8.210665887307934 485.659 4.96 18.4537981557377 976
90 13.4 14.089552238805979 8.41880661994249 485.659 4.96 17.62065967741935 1240
97 0.5 16.633599999999998 8.688951481047644 485.659 4.96 17.276286754002907 1374
