0 0.7 1778.4312857142854 882.2681635071075 3101.031 550.426 0 0
10 1.1 3868.8992727272725 2400.218377868946 7744.241 395.945 1778.4312857142854 7
20 1.2 3788.316916666667 2071.3253503953074 7960.166 395.945 3055.9395 18
30 1.3 1677.5475384615386 928.7897757286602 7960.166 261.104 3348.8904666666667 30
40 1.1 3475.0158181818183 3061.573558356547 11710.923 261.104 2843.6007441860465 43
50 1.7 2929.759764705883 2585.717788795815 11710.923 222.345 2972.222333333333 54
60 3.2 2463.97359375 2070.1841582250127 11710.923 119.168 2962.05523943662 71
70 3.4 2622.98494117647 2223.5007035964436 11710.923 119.168 2807.3114271844665 103
80 3.6 3192.68725 2806.5194588648646 12038.81 112.114 2761.566167883212 137
90 2.3 5632.440260869564 5078.771735052115 20058.118 112.114 2851.2792254335263 173
97 0.1 20702.063 0.0 20702.063 112.114 3177.6399591836735 196
