0 0.7 81.34528571428571 59.90473570765572 227.69 47.376 0 0
10 1.1 61.243818181818185 20.36729865525609 227.69 41.139 81.34528571428571 7
20 1.2 89.24341666666668 67.82341399234035 247.068 38.873 69.06105555555555 18
30 1.2 56.763749999999995 9.81183235626761 247.068 38.873 77.134 30
40 1.2 58.03041666666667 12.844805918206353 247.068 38.873 71.31392857142858 42
50 1.7 137.70788235294114 136.87926348853077 597.748 38.873 68.36203703703704 54
60 3.2 80.27199999999996 56.41066186014838 597.748 38.873 84.96597183098591 71
70 3.2 58.30765625 15.029539791709723 597.748 38.873 83.50765048543688 103
80 3.8 56.37697368421051 13.951938560808337 597.748 38.198 77.5343185185185 135
90 2.3 53.47673913043479 13.900819663719524 597.748 38.198 72.88704046242773 173
97 0.1 51.836 0.0 597.748 38.198 70.60930102040815 196
