0 0.7 1676.4331428571427 884.3796291220883 3027.236 476.623 0 0
10 1.1 3786.5400000000004 2397.135869629686 7667.19 333.66 1676.4331428571427 7
20 1.2 3678.6922500000005 2089.8963018106956 7861.31 333.66 2965.942888888889 18
30 1.2 1422.895833333333 718.4800004822488 7861.31 185.096 3251.0426333333335 30
40 1.2 3427.6864166666674 2932.5315385778736 11643.173 185.096 2728.7149761904766 42
50 1.7 2761.3555882352944 2602.187495589772 11643.173 141.243 2884.041962962963 54
60 3.2 2362.1987812500006 2074.0539283184744 11643.173 37.363 2854.666352112676 71
70 3.3 2607.9706969696963 2229.7816493412397 11643.173 37.363 2701.6667184466023 103
80 3.7 3048.074486486486 2798.893162902471 11980.625 37.363 2678.9316544117646 136
90 2.3 5562.962391304348 5077.406907485456 20001.905 37.363 2757.8812774566472 173
97 0.1 20623.391 0.0 20623.391 37.363 3087.048959183673 196
