0 0.6 19.763833333333334 12.82262338494827 48.195 11.921 0 0
10 1.2 18.584666666666664 7.951040711057194 48.195 11.388 19.763833333333334 6
20 1.2 18.398083333333332 11.849417654174216 52.061 10.147 18.97772222222222 18
30 1.2 16.94375 7.608114813857197 52.061 10.147 18.745866666666664 30
40 1.2 16.609999999999996 5.240612209783638 52.061 10.147 18.23097619047619 42
50 1.7 28.683705882352942 23.05428748376499 97.81 10.147 17.87075925925926 54
60 3.2 19.4546875 11.843155347703744 97.81 10.083 20.459774647887325 71
70 3.2 16.56496875 7.009365790160578 97.81 10.083 20.147514563106796 103
80 3.8 15.892078947368422 6.580612091117915 97.81 10.083 19.29831851851852 135
90 2.3 14.064521739130434 3.8422028426815285 97.81 9.836 18.55012716763006 173
97 0.1 24.902 0.0 97.81 9.836 18.023755102040816 196
