0 1.6 1.6215625 1.321745057147463 6.519 1.02 0 0
10 2 1.7371500000000002 0.8178416885314664 6.519 1.02 1.6215625 16
20 2.3 1.4512608695652174 0.40729054018106403 6.519 1.02 1.6857777777777778 36
30 0.8 1.528 0.8572655656212957 6.519 1.02 1.59435593220339 59
40 0.7 1.4945714285714284 0.5717279215907953 6.519 1.02 1.5864328358208957 67
50 1.3 1.3509230769230771 0.19937882826359307 6.519 1.02 1.5777432432432434 74
60 0.7 1.5884285714285717 0.5490451079940927 6.519 1.02 1.543850574712644 87
70 0.6 2.029666666666667 1.1852723550119422 6.519 1.02 1.5471702127659577 94
80 0.5 2.0232 1.70732520628028 6.519 1.02 1.5761200000000002 100
90 0.3 1.2433333333333334 0.048623268321064346 6.519 1.02 1.5974095238095238 105
100 0.1 1.269 0.0 6.519 1.02 1.587574074074074 108
110 0.2 1.1575000000000002 0.051500000000000046 6.519 1.02 1.584651376146789 109
120 0.2 1.8655 0.5405000000000001 6.519 1.02 1.576954954954955 111
126 0.1 1.182 0.0 6.519 1.02 1.582061946902655 113
