0 0.1 0.22226006033883774 0 0.22226006033883774 0.22226006033883774 0 0
10 0.1 8.95447723861931 0.0 8.95447723861931 0.22226006033883774 0.22226006033883774 1
20 0.1 13.724515166583789 0.0 13.724515166583789 0.22226006033883774 4.588368649479074 2
30 0.1 11.76470588235294 0.0 13.724515166583789 0.22226006033883774 7.633750821847312 3
40 0.1 3.8442336495257114 0.0 13.724515166583789 0.22226006033883774 8.66648958697372 4
50 0.1 4.840319361277445 0.0 13.724515166583789 0.22226006033883774 7.702038399484119 5
60 0.1 6.723107569721115 0.0 13.724515166583789 0.22226006033883774 7.225085226449672 6
70 0.1 2.35 0.0 13.724515166583789 0.22226006033883774 7.153374132631307 7
80 0.1 3.8038038038038042 0.0 13.724515166583789 0.22226006033883774 6.552952366052394 8
90 0.1 3.0 0.0 13.724515166583789 0.22226006033883774 6.2474914146914395 9
100 0.1 1.3032581453634084 0.0 13.724515166583789 0.22226006033883774 5.922742273222296 10
110 0.1 1.0494752623688157 0.0 13.724515166583789 0.22226006033883774 5.50278917068967 11
120 0.1 0.5997001499250375 0.0 13.724515166583789 0.22226006033883774 5.1316796783296 12
126 0.1 1.5952143569292123 0.0 13.724515166583789 0.22226006033883774 4.783065868452325 13
