0 0.1 663.51953125 0 663.51953125 663.51953125 0 0
10 0.1 641.3828125 0.0 663.51953125 641.3828125 663.51953125 1
20 0.1 634.5390625 0.0 663.51953125 634.5390625 652.451171875 2
30 0.1 636.515625 0.0 663.51953125 634.5390625 646.48046875 3
40 0.1 637.9453125 0.0 663.51953125 634.5390625 643.9892578125 4
50 0.1 637.71484375 0.0 663.51953125 634.5390625 642.78046875 5
60 0.1 634.6171875 0.0 663.51953125 634.5390625 641.9361979166666 6
70 0.1 643.4921875 0.0 663.51953125 634.5390625 640.890625 7
80 0.1 641.98828125 0.0 663.51953125 634.5390625 641.2158203125 8
90 0.1 651.12109375 0.0 663.51953125 634.5390625 641.3016493055555 9
100 0.1 640.30859375 0.0 663.51953125 634.5390625 642.28359375 10
110 0.1 640.45703125 0.0 663.51953125 634.5390625 642.1040482954545 11
120 0.1 647.81640625 0.0 663.51953125 634.5390625 641.966796875 12
126 0.1 640.8046875 0.0 663.51953125 634.5390625 642.4167668269231 13
