0 0.1 0.0 0 0.0 0.0 0 0
10 0.1 0.0 0.0 0.0 0.0 0.0 1
20 0.1 0.0 0.0 0.0 0.0 0.0 2
30 0.1 0.078125 0.0 0.078125 0.0 0.0 3
40 0.1 0.0703125 0.0 0.078125 0.0 0.01953125 4
50 0.1 0.05859375 0.0 0.078125 0.0 0.0296875 5
60 0.1 0.05078125 0.0 0.078125 0.0 0.034505208333333336 6
70 0.1 0.0390625 0.0 0.078125 0.0 0.036830357142857144 7
80 0.1 0.03125 0.0 0.078125 0.0 0.037109375 8
90 0.1 0.171875 0.0 0.171875 0.0 0.036458333333333336 9
100 0.1 0.1484375 0.0 0.171875 0.0 0.05 10
110 0.1 0.12109375 0.0 0.171875 0.0 0.05894886363636364 11
120 0.1 0.1015625 0.0 0.171875 0.0 0.06412760416666667 12
126 0.1 0.08984375 0.0 0.171875 0.0 0.06700721153846154 13
