0 3.1 155.62829032258065 53.72301738709189 317.463 85.488 0 0
10 4 160.49877500000002 70.28362407932858 365.239 80.141 155.62829032258065 31
20 4.6 140.9147608695652 42.41340932298816 365.239 80.141 158.37222535211268 71
30 1.6 135.12268749999998 40.236238707660576 365.239 80.141 151.5086068376068 117
40 1.5 131.31413333333336 40.596968615676495 365.239 80.141 149.5373684210526 133
50 2.6 145.21326923076924 52.2348987618267 365.239 80.141 147.6904189189189 148
60 1.4 129.97921428571428 23.69683659472164 365.239 80.141 147.32027011494253 174
70 1.2 131.92825 22.479921793773357 365.239 80.141 146.028914893617 188
80 1 174.89549999999997 48.987164007013114 365.239 80.141 145.182875 200
90 0.6 135.80933333333334 13.809887564913607 365.239 80.141 146.5977619047619 210
100 0.2 137.2535 5.4424999999999955 365.239 80.141 146.29808333333335 216
110 0.4 109.22449999999999 15.520886725635231 365.239 80.141 146.2151055045872 218
120 0.4 139.26049999999998 30.588139282244672 365.239 80.141 145.54860810810817 222
126 0.2 143.6585 31.2885 365.239 80.141 145.4373141592921 226
