0 11.1 30.119900900900898 23.114588695794804 154.798 5.627 0 0
10 13.9 29.640928057553943 27.598822289449373 184.367 5.344 30.119900900900898 111
20 16.2 25.560586419753072 15.36178973331014 184.367 5.344 29.85359199999999 250
30 5.4 26.296129629629625 19.142143771005976 184.367 5.236 28.165565533980573 412
40 5.2 24.759999999999998 15.068336624039983 184.367 5.236 27.948935622317588 466
50 9.1 27.457912087912085 19.452000503153627 184.367 5.236 27.628810810810805 518
60 4.9 24.42161224489795 13.43216582717879 184.367 5.236 27.603274220032834 609
70 4.2 25.614571428571427 14.791081581146662 184.367 5.236 27.36634194528875 658
80 3.5 29.31677142857143 18.325195829139904 184.367 5.236 27.26123571428571 700
90 2.1 27.81052380952381 14.799204890543622 184.367 5.236 27.359118367346934 735
100 0.7 28.59771428571429 12.15692376166515 184.367 5.236 27.371657407407405 756
110 1.4 20.093285714285717 10.429490395909445 184.367 5.236 27.382905635648754 763
120 1.4 27.821928571428572 18.63035503252032 184.367 5.236 27.251561132561132 777
126 0.7 25.716 15.49914795814826 184.367 5.236 27.261656131479143 791
