0 1.6 313.68037499999997 89.40130330137463 550.338 201.927 0 0
10 2 321.7838499999999 114.89362414654472 570.266 195.662 313.68037499999997 16
20 2.3 284.90717391304355 68.65515375103642 570.266 195.662 318.1823055555555 36
30 0.8 274.43362499999995 69.2390754901766 570.266 195.662 305.21064406779664 59
40 0.7 270.39757142857144 60.7016027556278 570.266 195.662 301.535776119403 67
50 1.4 291.22242857142857 74.26025520974412 570.266 195.662 298.59027027027025 74
60 0.6 262.916 34.11096015945608 570.266 195.662 297.41811363636367 88
70 0.6 266.608 23.776617126916932 570.266 195.662 295.2158510638298 94
80 0.5 353.98819999999995 51.041750919810745 570.266 195.662 293.49938000000003 100
90 0.3 274.37433333333337 18.70653301805429 570.266 195.662 296.3798 105
100 0.1 277.204 0.0 570.266 195.662 295.768537037037 108
110 0.2 221.2405 6.309499999999993 570.266 195.662 295.5982201834862 109
120 0.2 281.248 40.38299999999998 570.266 195.662 294.2584414414414 111
126 0.1 290.007 0.0 570.266 195.662 294.0281681415929 113
