0 1.6 45.2740625 16.439612763340676 89.012 27.062 0 0
10 1.9 47.88194736842105 32.60875662258397 168.358 26.325 45.2740625 16
20 2.4 38.59579166666666 11.797652110975179 168.358 26.325 46.689771428571426 35
30 0.7 45.86757142857143 14.670804280778128 168.358 26.325 43.39730508474576 59
40 0.8 35.2755 8.375260369087043 168.358 26.325 43.65930303030302 66
50 1.3 40.69146153846153 14.397227840084005 168.358 26.325 42.75294594594594 74
60 0.7 37.06957142857142 4.3768718071616535 168.358 26.325 42.444908045977 87
70 0.6 44.219833333333334 11.175654767047085 168.358 26.325 42.044617021276586 94
80 0.5 49.2174 13.29669419968738 168.358 26.325 42.17512999999999 100
90 0.3 49.508 5.485605587960793 168.358 26.325 42.510476190476176 105
100 0.1 48.87 0.0 168.358 26.325 42.70485185185184 108
110 0.2 30.3985 0.4204999999999979 168.358 26.325 42.761412844036684 109
120 0.2 41.777499999999996 11.217499999999998 168.358 26.325 42.538657657657645 111
126 0.1 28.768 0.0 168.358 26.325 42.525185840707955 113
