0 1.6 169.601375 47.675919049708675 299.844 114.099 0 0
10 2 181.2225 68.97014978778861 362.371 112.897 169.601375 16
20 2.3 156.78656521739134 46.26254065451837 362.371 112.897 176.05755555555555 36
30 0.8 149.762 31.075239725543543 362.371 112.897 168.54513559322035 59
40 0.7 151.3344285714286 46.95436129707577 362.371 112.897 166.30237313432835 67
50 1.3 160.0723076923077 47.01287695512403 362.371 112.897 164.8864864864865 74
60 0.7 144.94585714285714 19.74652606285522 362.371 112.897 164.16712643678161 87
70 0.6 142.34050000000002 23.508223970559737 362.371 112.897 162.73575531914895 94
80 0.5 208.2214 45.19887753739023 362.371 112.897 161.51204 100
90 0.3 127.38933333333334 5.977041315641783 362.371 112.897 163.73629523809527 105
100 0.1 132.301 0.0 362.371 112.897 162.72665740740743 108
110 0.2 124.757 1.181000000000008 362.371 112.897 162.44752293577983 109
120 0.2 161.8555 26.4215 362.371 112.897 161.76841441441442 111
126 0.1 175.366 0.0 362.371 112.897 161.7699557522124 113
