0 1.6 40.968374999999995 31.70085720425198 155.009 20.509 0 0
10 2 34.098349999999996 20.811333893518214 155.009 19.318 40.968374999999995 16
20 2.3 30.56513043478261 9.652943715483435 155.009 19.318 37.15169444444444 36
30 0.8 30.78125 14.91592873197978 155.009 18.422 34.584050847457625 59
40 0.7 29.19814285714286 10.301798919586414 155.009 18.422 34.129985074626866 67
50 1.3 31.386384615384618 17.14803237216114 155.009 18.422 33.66345945945946 74
60 0.7 31.956142857142858 8.54176536501796 155.009 18.422 33.323206896551724 87
70 0.6 31.739 7.183868154877753 155.009 18.422 33.22140425531915 94
80 0.5 30.017000000000003 7.791276198415765 155.009 18.422 33.13246000000001 100
90 0.3 29.530666666666665 6.531399764896411 155.009 18.422 32.984104761904774 105
100 0.1 38.22 0.0 155.009 18.422 32.88817592592594 108
110 0.2 27.112000000000002 4.857000000000002 155.009 18.422 32.93709174311928 109
120 0.2 24.659 3.0050000000000017 155.009 18.422 32.832135135135154 111
126 0.1 45.06 0.0 155.009 18.422 32.687477876106215 113
