0 1.5 35.5336 14.945345084897395 74.956 21.497 0 0
10 2 33.93925 15.936500697690821 86.727 19.63 35.5336 15
20 2.3 35.41552173913044 13.533714994556195 86.727 19.63 34.62254285714286 35
30 0.8 28.890124999999998 14.654704879641042 86.727 19.63 34.937000000000005 58
40 0.8 30.015625 8.093663338339134 86.727 19.63 34.20404545454546 66
50 1.3 32.18599999999999 15.80179840787361 86.727 19.63 33.751243243243245 74
60 0.7 25.69242857142857 3.879463617458435 86.727 19.63 33.51735632183908 87
70 0.6 27.333166666666667 5.652802414633726 86.727 19.63 32.93464893617022 94
80 0.5 36.662 16.288883743215802 86.727 19.63 32.598560000000006 100
90 0.3 37.605 11.565091468149602 86.727 19.63 32.792057142857146 105
100 0.1 24.094 0.0 86.727 19.63 32.92575 108
110 0.2 21.747500000000002 0.9545000000000003 86.727 19.63 32.8447247706422 109
120 0.2 30.229 8.802999999999999 86.727 19.63 32.644774774774774 111
126 0.1 22.29 0.0 86.727 19.63 32.602017699115045 113
