0 1.6 20.3445625 5.844029089258005 38.896 14.579 0 0
10 2 22.32295 10.549306837299785 57.586 13.05 20.3445625 16
20 2.3 20.619130434782615 7.091801128335195 57.586 13.05 21.443666666666665 36
30 0.7 18.341999999999995 5.035457873917723 57.586 13.05 21.122237288135597 59
40 0.8 19.824875 3.622703908598521 57.586 13.05 20.82736363636364 66
50 1.3 26.402846153846152 17.681031282340424 75.914 13.05 20.71898648648649 74
60 0.7 20.534285714285712 5.850139893670082 75.914 13.05 21.568298850574713 87
70 0.6 18.442833333333333 3.381465432652272 75.914 13.05 21.491297872340425 94
80 0.5 26.7956 11.543296420000656 75.914 13.05 21.30839 100
90 0.3 27.829666666666668 4.724460133767195 75.914 13.05 21.569685714285715 105
100 0.1 31.268 0.0 75.914 13.05 21.743574074074075 108
110 0.2 14.693 0.7850000000000001 75.914 13.05 21.830954128440368 109
120 0.2 20.2365 3.028500000000001 75.914 13.05 21.70234234234234 111
126 0.1 16.083 0.0 75.914 13.05 21.676398230088495 113
