0 0.9 1.9881111111111107 1.4690719250559705 6.033 1.217 0 0
10 1.3 1.8694615384615387 1.4014518634058706 6.375 1.149 1.9881111111111107 9
20 0.1 1.301 0.0 6.375 1.149 1.918 22
30 1.9 1.289578947368421 0.07758683813330418 6.375 1.149 1.8911739130434781 23
40 2.1 1.620095238095238 0.5774987862087352 6.375 1.149 1.6190238095238094 42
50 1.9 1.9831578947368418 1.4161792282928736 6.375 1.149 1.6193809523809521 63
60 2.3 1.5498260869565221 0.6931830583352057 6.375 1.146 1.7036707317073168 82
70 4.5 1.516822222222222 0.6156143196980428 6.375 1.112 1.6699714285714284 105
80 4.2 1.70497619047619 1.1052632629312744 7.401 1.112 1.6240266666666665 150
90 1.7 2.741705882352941 3.10068398079987 11.7 1.023 1.6417343749999997 192
