0 0.1 0.3948116845794879 0 0.3948116845794879 0.3948116845794879 0 0
10 0.1 5.591291439881247 0.0 5.591291439881247 0.3948116845794879 0.3948116845794879 1
20 0.1 7.025411061285501 0.0 7.025411061285501 0.3948116845794879 2.9930515622303675 2
30 0.1 2.2988505747126435 0.0 7.025411061285501 0.3948116845794879 4.337171395248745 3
40 0.1 12.195121951219512 0.0 12.195121951219512 0.3948116845794879 3.82759119011472 4
50 0.1 11.750123946455131 0.0 12.195121951219512 0.3948116845794879 5.501097342335679 5
60 0.1 11.342248637939575 0.0 12.195121951219512 0.3948116845794879 6.542601776355588 6
70 0.1 14.842578710644677 0.0 14.842578710644677 0.3948116845794879 7.228265613724729 7
80 0.1 26.480836236933797 0.0 26.480836236933797 0.3948116845794879 8.180054750839723 8
90 0.1 29.65174129353234 0.0 29.65174129353234 0.3948116845794879 10.213474915961287 9
