0 0.1 667.34375 0 667.34375 667.34375 0 0
10 0.1 622.09375 0.0 667.34375 622.09375 667.34375 1
20 0.1 629.53125 0.0 667.34375 622.09375 644.71875 2
30 0.1 639.2734375 0.0 667.34375 622.09375 639.65625 3
40 0.1 604.13671875 0.0 667.34375 604.13671875 639.560546875 4
50 0.1 602.8125 0.0 667.34375 602.8125 632.47578125 5
60 0.1 631.28515625 0.0 667.34375 602.8125 627.5319010416666 6
70 0.1 631.625 0.0 667.34375 602.8125 628.0680803571429 7
80 0.1 591.3046875 0.0 667.34375 591.3046875 628.5126953125 8
90 0.1 578.53125 0.0 667.34375 578.53125 624.3784722222222 9
