0 1.9 115.00978947368422 81.92173403128452 281.385 14.811 0 0
10 3.7 95.37937837837839 59.16564979753826 281.385 14.22 115.00978947368422 19
20 1.3 69.07484615384615 57.205280213316186 281.385 14.22 102.03969642857143 56
30 4 101.39557499999998 74.55733206864619 281.385 12.959 95.82892753623189 69
40 6.6 101.04753030303033 85.54680057797529 377.08 12.959 97.87173394495413 109
50 6.1 98.81877049180328 79.20926523330326 437.311 12.959 99.06946285714287 175
60 6.1 98.35621311475407 65.07410430515749 437.311 12.959 99.0046652542373 236
70 12.7 97.4632440944882 68.37670447431044 437.311 12.959 98.87148148148148 297
80 12.5 114.89741599999996 86.32761988908848 437.311 12.959 98.4496745283019 424
90 7.4 112.9593648648649 102.71808465572094 437.311 12.959 102.19460655737704 549
