0 4.3 23.474604651162796 15.334597203768963 69.417 5.876 0 0
10 8.6 24.78931395348837 16.76806969327843 80.845 5.757 23.474604651162796 43
20 3.2 22.56184375000001 16.799655770486368 80.845 5.757 24.351077519379846 129
30 9.1 21.18171428571427 16.423529983750704 88.497 5.739 23.995453416149072 161
40 15.4 23.76113636363637 17.390185620716167 88.497 5.43 22.97938095238095 252
50 14.3 25.080888111888108 18.333425922544073 97.189 5.43 23.275908866995074 406
60 14.1 23.701673758865237 17.23895335244843 97.189 5.43 23.746058287795993 549
70 29.5 24.087067796610174 18.046468460817152 114.585 5.387 23.736988405797096 690
80 29.2 32.09677739726029 32.31479392167693 226.095 5.387 23.841834517766493 985
90 17.6 28.449875000000006 23.726813509964796 226.095 5.29 25.72941738449491 1277
