0 0.5 1754.9824 1369.7048964071932 4019.489 554.456 0 0
10 1.2 4460.941833333333 3509.2322038050056 13268.561 420.663 1754.9824 5
20 0.6 6207.6253333333325 4210.93838589388 13379.054 420.663 3665.0714117647053 17
30 1.2 1803.3786666666667 1581.0547068931196 13379.054 385.592 4328.3463478260865 23
40 2.2 3051.731136363637 2359.3718590227913 13379.054 313.667 3462.6431428571423 35
50 2 3951.5977499999985 2929.0941217589243 13379.054 313.667 3304.045526315789 57
60 2 2128.0764499999996 1116.4974466346746 13379.054 313.667 3472.240909090908 77
70 4 2202.2539249999995 2257.2436743383 13379.054 266.509 3195.0935979381434 97
80 4.3 3083.850046511627 2641.1277969681896 13379.054 266.509 2905.2134014598532 137
90 2.7 4165.321888888889 3064.9933692612863 13379.054 266.509 2947.887711111111 180
