0 0.5 33.8058 10.034748973442232 53.797 27.778 0 0
10 1.2 41.947250000000004 14.050011578435324 74.349 27.393 33.8058 5
20 0.6 35.6435 10.867163885608178 74.349 27.393 39.552705882352946 17
30 1.1 30.069818181818185 3.855122349625043 74.349 24.859 38.53291304347827 23
40 2.2 39.81222727272728 17.436881012622273 90.1 22.824 35.79485294117647 34
50 2.1 42.105 21.720688816579152 122.636 22.824 37.373107142857144 56
60 1.9 40.953210526315786 18.162943824631824 122.636 22.824 38.66362337662338 77
70 4.1 42.56404878048782 20.369363696793638 122.636 22.824 39.116770833333334 96
80 4.2 58.31780952380952 43.67482246494737 201.597 22.824 40.14843795620439 137
90 2.8 45.85082142857143 20.672042682006143 201.597 22.824 44.411642458100566 179
