0 0.5 1661.0732 1382.287966226922 3937.825 441.432 0 0
10 1.2 4346.432416666667 3502.607552755672 13138.657 302.93 1661.0732 5
20 0.6 6099.743833333334 4205.0598007771705 13255.063 302.93 3556.620882352942 17
30 1.1 1294.8624545454547 735.4103569554476 13255.063 302.93 4220.044260869566 23
40 2.2 2989.107954545454 2421.5462785410195 13255.063 229.477 3273.6619117647065 34
50 2.1 3915.0069047619045 2874.0906719106974 13255.063 229.477 3161.8728571428574 56
60 1.9 1971.6093684210527 1118.5979344533432 13255.063 229.477 3367.273051948052 77
70 4.1 2115.357756097561 2230.3722826122475 13255.063 182.6 3091.0479479166665 96
80 4.2 2973.68430952381 2652.0311166102524 13255.063 153.848 2799.053072992701 137
90 2.8 3942.1232857142863 3018.481953991737 13255.063 153.848 2840.0280000000002 179
