0 0.5 39.132600000000004 15.323097005501209 69.561 29.078 0 0
10 1.2 48.21175 12.698556165466213 75.607 29.078 39.132600000000004 5
20 0.6 49.32533333333333 11.725668504988908 75.607 29.078 45.541411764705884 17
30 1.1 33.657999999999994 3.662179356116197 75.607 28.619 46.52852173913043 23
40 2.2 42.409181818181814 15.271693564584723 85.258 28.619 42.3645294117647 34
50 2.1 46.69833333333332 16.145582071040316 99.342 28.619 42.38207142857142 56
60 1.9 42.25863157894738 11.782107153201803 99.342 28.619 43.55923376623376 77
70 4.1 45.68641463414635 15.953635560854659 114.677 28.619 43.30182291666667 96
80 4.2 58.65719047619049 34.305030365710074 198.729 28.619 44.0154598540146 137
90 2.8 58.62399999999999 25.713182650150493 198.729 28.619 47.450949720670394 179
