0 0.5 18.849 6.547872539993429 30.757 12.677 0 0
10 1.2 22.351666666666663 5.730687165505451 34.578 12.046 18.849 5
20 0.6 21.016333333333332 8.698008807895187 39.337 12.046 21.321470588235293 17
30 1.1 16.383 3.8569468613022257 39.337 12.013 21.241869565217392 23
40 2.2 19.33118181818182 9.053008041712204 44.619 12.013 19.66988235294118 34
50 2.1 23.237714285714286 9.879899103701401 48.84 12.013 19.536821428571432 56
60 1.9 20.30684210526316 8.478608067633681 48.84 11.807 20.546155844155845 77
70 4.1 18.253365853658533 5.968625832598802 48.84 11.156 20.498791666666666 96
80 4.2 26.86990476190477 20.962703613810255 104.881 11.156 19.82680291970803 137
90 2.8 23.69346428571428 10.618304998183033 104.881 11.156 21.47937430167598 179
